 	Area	Mean	Min	Max
1	344064	765.859	503	4095
2	344064	767.985	487	4095
3	344064	766.432	499	4095
4	344064	768.200	499	4095
5	344064	767.729	495	4095
6	344064	631.788	418	4095
7	344064	631.339	423	3871
8	344064	631.122	423	4071
9	344064	631.148	425	3847
10	344064	631.369	427	4080
11	344064	438.760	320	2208
12	344064	438.358	322	2377
13	344064	437.463	321	2505
14	344064	437.171	313	2515
15	344064	436.447	319	2492
16	344064	363.654	278	1737
17	344064	363.279	279	1791
18	344064	362.840	275	1624
19	344064	363.097	280	1763
20	344064	362.630	276	1729
21	344064	334.732	266	1303
22	344064	334.170	267	1217
23	344064	334.008	267	1337
24	344064	333.631	266	1232
25	344064	333.784	267	1355
26	344064	333.752	264	1229
27	344064	333.386	264	1263
28	344064	333.057	262	1239
29	344064	431.729	321	2152
30	344064	557.540	387	3224
31	344064	607.017	421	3740
32	344064	634.620	437	4095
33	344064	653.260	450	4095
34	344064	664.878	445	4095
35	344064	674.076	463	4095
36	344064	682.523	457	4095
37	344064	687.296	466	4095
38	344064	692.207	467	4095
39	344064	697.727	468	4095
40	344064	701.865	479	4095
41	344064	704.927	475	4095
42	344064	707.960	477	4095
43	344064	711.913	477	4095
44	344064	711.917	479	4095
45	344064	715.043	481	4095
46	344064	716.817	488	4095
47	344064	719.355	482	4095
48	344064	718.558	487	4095
49	344064	721.244	485	4095
50	344064	722.088	481	4095
51	344064	724.315	487	4095
52	344064	726.323	488	4095
53	344064	727.607	495	4095
54	344064	728.744	485	4095
55	344064	728.948	490	4095
56	344064	729.853	494	4095
57	344064	730.663	497	4095
58	344064	732.104	496	4095
59	344064	732.693	494	4095
60	344064	733.054	492	4095
61	344064	733.950	495	4095
62	344064	734.024	499	4095
63	344064	734.779	490	4095
64	344064	735.552	501	4095
65	344064	736.202	496	4095
66	344064	735.713	488	4095
67	344064	735.085	499	4095
68	344064	736.556	500	4095
69	344064	736.863	495	4095
70	344064	736.955	495	4095
71	344064	736.667	499	4095
72	344064	736.530	493	4095
73	344064	736.866	499	4095
74	344064	736.098	496	4095
75	344064	737.731	498	4095
76	344064	738.687	500	4095
77	344064	736.417	500	4095
78	344064	737.207	497	4095
79	344064	737.892	499	4095
80	344064	741.203	498	4095
81	344064	736.778	503	4095
82	344064	737.889	501	4095
83	344064	738.101	503	4095
84	344064	738.757	506	4095
85	344064	738.154	508	4095
86	344064	739.466	506	4095
87	344064	738.465	501	4095
88	344064	738.862	506	4095
89	344064	739.549	505	4095
90	344064	739.296	507	4095
91	344064	738.982	503	4095
92	344064	739.965	500	4095
93	344064	740.953	508	4095
94	344064	741.197	507	4095
95	344064	740.747	504	4095
96	344064	742.362	510	4095
97	344064	741.111	502	4095
98	344064	741.981	510	4095
99	344064	776.120	644	4095
100	344064	775.742	638	4095
101	344064	776.268	629	4095
102	344064	777.831	646	4095
103	344064	779.164	640	4095
104	344064	649.171	525	4095
105	344064	648.687	537	4095
106	344064	648.392	535	4095
107	344064	648.311	528	4095
108	344064	648.573	536	4095
109	344064	440.316	382	2259
110	344064	439.846	376	2120
111	344064	439.034	374	2184
112	344064	438.995	379	2295
113	344064	438.273	375	2041
114	344064	363.344	319	1425
115	344064	363.040	317	1485
116	344064	362.791	317	1414
117	344064	362.663	316	1371
118	344064	362.527	317	1437
119	344064	330.239	290	1708
120	344064	329.769	292	1703
121	344064	329.677	292	1680
122	344064	329.484	290	1494
123	344064	329.443	290	1441
124	344064	328.955	292	1416
125	344064	328.747	290	1241
126	344064	328.517	292	1337
127	344064	486.236	416	2587
128	344064	598.136	506	3725
129	344064	637.758	526	4095
130	344064	659.774	558	4095
131	344064	675.065	568	4095
132	344064	684.813	578	4095
133	344064	692.254	583	4095
134	344064	699.892	587	4095
135	344064	703.431	586	4095
136	344064	707.588	588	4095
137	344064	712.505	595	4095
138	344064	716.587	591	4095
139	344064	718.023	598	4095
140	344064	720.781	607	4095
141	344064	723.862	605	4095
142	344064	725.566	605	4095
143	344064	726.762	609	4095
144	344064	728.603	611	4095
145	344064	730.502	609	4095
146	344064	729.294	605	4095
147	344064	731.022	612	4095
148	344064	731.514	617	4095
149	344064	734.189	613	4095
150	344064	736.231	618	4095
151	344064	737.233	612	4095
152	344064	738.524	618	4095
153	344064	737.711	616	4095
154	344064	738.725	620	4095
155	344064	739.279	613	4095
156	344064	739.676	616	4095
157	344064	741.505	618	4095
158	344064	741.516	617	4095
159	344064	742.676	608	4095
160	344064	742.930	618	4095
161	344064	742.850	618	4095
162	344064	743.403	618	4095
163	344064	744.176	621	4095
164	344064	743.404	615	4095
165	344064	743.248	624	4095
166	344064	744.569	622	4095
167	344064	744.252	616	4095
168	344064	744.498	622	4095
169	344064	743.577	616	4095
170	344064	743.976	616	4095
171	344064	744.777	621	4095
172	344064	743.998	621	4095
173	344064	744.875	617	4095
174	344064	746.494	622	4095
175	344064	743.416	610	4095
176	344064	744.511	623	4095
177	344064	744.947	618	4095
178	344064	747.935	625	4095
179	344064	744.041	628	4095
180	344064	745.968	624	4095
181	344064	745.142	612	4095
182	344064	746.265	614	4095
183	344064	745.338	619	4095
184	344064	745.535	625	4095
185	344064	745.262	616	4095
186	344064	745.648	622	4095
187	344064	747.427	618	4095
188	344064	746.179	625	4095
189	344064	748.501	622	4095
190	344064	746.799	620	4095
191	344064	747.732	623	4095
192	344064	747.693	622	4095
193	344064	747.925	624	4095
194	344064	750.506	617	4095
195	344064	748.153	625	4095
196	344064	748.693	623	4095
197	344064	808.914	606	4095
198	344064	810.867	611	4095
199	344064	808.660	609	4095
200	344064	809.553	610	4095
201	344064	811.702	613	4095
202	344064	669.476	514	4095
203	344064	668.790	514	4095
204	344064	668.522	511	4095
205	344064	668.409	500	4095
206	344064	668.620	510	4095
207	344064	449.744	358	4095
208	344064	449.438	357	4095
209	344064	448.701	355	4095
210	344064	448.750	354	4095
211	344064	448.218	356	4095
212	344064	369.385	300	3099
213	344064	369.359	298	3229
214	344064	368.965	299	3117
215	344064	369.007	300	2997
216	344064	368.665	302	3110
217	344064	340.158	281	3859
218	344064	339.731	282	4095
219	344064	339.481	275	3698
220	344064	339.173	280	3874
221	344064	339.244	280	3693
222	344064	339.061	279	3520
223	344064	338.844	281	3547
224	344064	338.574	280	3557
225	344064	521.617	412	4095
226	344064	637.893	492	4095
227	344064	677.382	521	4095
228	344064	701.052	531	4095
229	344064	716.563	547	4095
230	344064	726.865	553	4095
231	344064	733.990	559	4095
232	344064	741.216	563	4095
233	344064	746.091	566	4095
234	344064	750.230	575	4095
235	344064	754.890	573	4095
236	344064	759.854	580	4095
237	344064	762.097	579	4095
238	344064	763.658	569	4095
239	344064	767.773	586	4095
240	344064	767.957	584	4095
241	344064	769.727	588	4095
242	344064	771.684	582	4095
243	344064	773.378	587	4095
244	344064	772.806	581	4095
245	344064	774.633	583	4095
246	344064	774.837	586	4095
247	344064	777.256	589	4095
248	344064	779.349	592	4095
249	344064	781.115	593	4095
250	344064	784.831	597	4095
251	344064	781.185	595	4095
252	344064	782.128	594	4095
253	344064	785.312	599	4095
254	344064	783.115	592	4095
255	344064	784.487	596	4095
256	344064	785.455	597	4095
257	344064	786.482	598	4095
258	344064	786.807	595	4095
259	344064	786.309	595	4095
260	344064	786.787	599	4095
261	344064	787.518	597	4095
262	344064	787.301	590	4095
263	344064	788.262	601	4095
264	344064	787.958	598	4095
265	344064	787.899	601	4095
266	344064	788.077	593	4095
267	344064	788.761	599	4095
268	344064	787.272	599	4095
269	344064	787.871	601	4095
270	344064	787.153	597	4095
271	344064	788.563	601	4095
272	344064	789.762	600	4095
273	344064	786.696	590	4095
274	344064	787.586	594	4095
275	344064	789.094	595	4095
276	344064	790.241	596	4095
277	344064	787.158	596	4095
278	344064	789.873	597	4095
279	344064	789.028	592	4095
280	344064	789.916	600	4095
281	344064	788.776	602	4095
282	344064	791.188	599	4095
283	344064	788.121	597	4095
284	344064	788.883	600	4095
285	344064	790.780	599	4095
286	344064	789.250	597	4095
287	344064	790.827	599	4095
288	344064	791.919	596	4095
289	344064	791.954	598	4095
290	344064	790.906	586	4095
291	344064	791.233	601	4095
292	344064	794.827	603	4095
293	344064	791.637	601	4095
294	344064	792.779	594	4095
295	344064	857.815	649	4095
296	344064	859.403	653	4095
297	344064	858.694	649	4095
298	344064	859.721	652	4095
299	344064	862.353	643	4095
300	344064	716.451	534	4095
301	344064	715.796	527	4095
302	344064	715.345	530	4095
303	344064	715.289	525	4095
304	344064	715.551	527	4095
305	344064	477.735	376	4095
306	344064	476.640	373	4095
307	344064	475.911	371	4095
308	344064	475.556	375	4095
309	344064	475.375	372	4095
310	344064	387.653	316	2995
311	344064	387.888	317	2920
312	344064	387.192	315	2876
313	344064	386.996	319	3240
314	344064	386.687	316	2766
315	344064	353.562	292	3963
316	344064	353.031	291	3580
317	344064	352.823	286	3812
318	344064	352.410	287	4045
319	344064	352.425	291	4095
320	344064	352.255	295	3089
321	344064	351.954	293	3193
322	344064	351.481	292	2857
323	344064	525.554	397	4095
324	344064	661.733	489	4095
325	344064	709.377	517	4095
326	344064	736.874	528	4095
327	344064	755.528	545	4095
328	344064	767.684	548	4095
329	344064	776.842	562	4095
330	344064	785.478	567	4095
331	344064	790.609	567	4095
332	344064	795.425	568	4095
333	344064	801.703	569	4095
334	344064	806.352	576	4095
335	344064	808.931	581	4095
336	344064	811.716	587	4095
337	344064	815.305	583	4095
338	344064	816.789	590	4095
339	344064	818.633	587	4095
340	344064	822.666	592	4095
341	344064	823.806	585	4095
342	344064	821.964	583	4095
343	344064	824.364	591	4095
344	344064	824.215	584	4095
345	344064	826.742	593	4095
346	344064	828.904	596	4095
347	344064	831.283	592	4095
348	344064	834.606	585	4095
349	344064	831.835	593	4095
350	344064	832.421	594	4095
351	344064	839.168	595	4095
352	344064	833.717	599	4095
353	344064	836.159	597	4095
354	344064	836.594	597	4095
355	344064	837.854	599	4095
356	344064	838.374	595	4095
357	344064	837.561	597	4095
358	344064	838.404	603	4095
359	344064	840.149	602	4095
360	344064	839.108	601	4095
361	344064	840.332	600	4095
362	344064	840.246	601	4095
363	344064	839.795	602	4095
364	344064	840.229	594	4095
365	344064	840.300	600	4095
366	344064	839.158	600	4095
367	344064	839.878	596	4095
368	344064	840.626	599	4095
369	344064	841.795	593	4095
370	344064	842.372	591	4095
371	344064	838.824	597	4095
372	344064	840.296	604	4095
373	344064	841.682	603	4095
374	344064	842.998	598	4095
375	344064	839.978	597	4095
376	344064	842.449	598	4095
377	344064	841.429	602	4095
378	344064	842.485	603	4095
379	344064	841.871	601	4095
380	344064	845.442	609	4095
381	344064	841.697	596	4095
382	344064	841.492	603	4095
383	344064	843.283	602	4095
384	344064	842.464	597	4095
385	344064	842.880	607	4095
386	344064	844.087	605	4095
387	344064	844.633	602	4095
388	344064	844.789	598	4095
389	344064	844.207	602	4095
390	344064	849.451	605	4095
391	344064	845.228	604	4095
392	344064	845.716	602	4095
393	344064	825.017	639	4095
394	344064	825.781	639	4095
395	344064	825.699	634	4095
396	344064	826.657	629	4095
397	344064	828.398	641	4095
398	344064	673.429	526	4095
399	344064	672.384	524	4095
400	344064	672.405	518	4095
401	344064	672.160	518	4095
402	344064	672.563	526	4095
403	344064	460.752	367	4095
404	344064	460.105	371	4095
405	344064	459.091	370	4095
406	344064	458.965	372	4095
407	344064	458.463	370	4095
408	344064	378.167	311	4095
409	344064	378.169	308	4095
410	344064	377.673	312	4095
411	344064	377.271	310	4095
412	344064	377.027	310	4095
413	344064	346.942	298	4095
414	344064	346.579	303	4095
415	344064	346.088	303	4095
416	344064	345.743	302	4095
417	344064	345.594	302	4095
418	344064	345.232	298	4095
419	344064	344.947	298	4095
420	344064	344.538	302	4095
421	344064	446.832	363	4095
422	344064	567.187	454	4095
423	344064	630.286	504	4095
424	344064	668.241	537	4095
425	344064	691.877	544	4095
426	344064	707.955	561	4095
427	344064	719.080	570	4095
428	344064	729.069	580	4095
429	344064	735.507	578	4095
430	344064	741.588	587	4095
431	344064	747.870	593	4095
432	344064	752.742	596	4095
433	344064	756.128	594	4095
434	344064	759.365	599	4095
435	344064	763.841	601	4095
436	344064	765.662	605	4095
437	344064	767.723	605	4095
438	344064	771.665	602	4095
439	344064	775.821	610	4095
440	344064	772.434	605	4095
441	344064	777.593	614	4095
442	344064	775.560	611	4095
443	344064	777.604	611	4095
444	344064	780.143	617	4095
445	344064	782.157	612	4095
446	344064	786.603	624	4095
447	344064	783.759	616	4095
448	344064	784.526	622	4095
449	344064	788.498	623	4095
450	344064	786.720	620	4095
451	344064	788.005	615	4095
452	344064	788.597	611	4095
453	344064	790.160	622	4095
454	344064	791.022	623	4095
455	344064	790.160	611	4095
456	344064	791.070	626	4095
457	344064	792.189	627	4095
458	344064	791.583	611	4095
459	344064	791.981	616	4095
460	344064	792.982	623	4095
461	344064	792.579	628	4095
462	344064	793.273	625	4095
463	344064	793.204	630	4095
464	344064	792.942	624	4095
465	344064	792.892	621	4095
466	344064	793.809	622	4095
467	344064	795.712	616	4095
468	344064	795.179	623	4095
469	344064	792.839	615	4095
470	344064	794.164	627	4095
471	344064	795.169	627	4095
472	344064	796.066	628	4095
473	344064	794.041	622	4095
474	344064	796.089	623	4095
475	344064	795.885	620	4095
476	344064	796.544	626	4095
477	344064	796.857	631	4095
478	344064	798.314	626	4095
479	344064	795.482	621	4095
480	344064	796.333	631	4095
481	344064	797.926	630	4095
482	344064	796.616	629	4095
483	344064	797.133	627	4095
484	344064	797.874	630	4095
485	344064	799.451	633	4095
486	344064	798.833	630	4095
487	344064	798.909	635	4095
488	344064	803.846	637	4095
489	344064	799.564	631	4095
490	344064	800.310	635	4095
491	344064	785.435	605	4095
492	344064	785.487	600	4095
493	344064	785.863	601	4095
494	344064	789.893	602	4095
495	344064	787.911	603	4095
496	344064	630.024	475	4095
497	344064	629.245	477	4095
498	344064	628.909	477	4095
499	344064	628.118	471	4095
500	344064	628.682	481	4095
501	344064	447.685	358	4095
502	344064	446.612	357	4095
503	344064	445.746	355	4095
504	344064	445.294	357	4095
505	344064	444.600	352	4095
506	344064	371.385	305	3720
507	344064	370.982	308	3647
508	344064	370.591	307	3509
509	344064	369.778	303	3730
510	344064	369.492	305	3599
511	344064	340.425	291	2812
512	344064	339.900	287	2527
513	344064	339.494	292	2386
514	344064	339.100	291	2327
515	344064	338.994	292	2200
516	344064	338.778	292	3555
517	344064	338.669	289	3602
518	344064	338.343	289	3160
519	344064	393.691	326	4095
520	344064	497.457	393	4095
521	344064	558.767	434	4095
522	344064	595.275	456	4095
523	344064	619.739	477	4095
524	344064	636.979	485	4095
525	344064	649.991	494	4095
526	344064	660.874	502	4095
527	344064	668.139	506	4095
528	344064	675.539	513	4095
529	344064	681.742	519	4095
530	344064	687.280	520	4095
531	344064	691.584	524	4095
532	344064	695.531	527	4095
533	344064	699.542	529	4095
534	344064	702.087	528	4095
535	344064	704.203	534	4095
536	344064	708.141	533	4095
537	344064	713.910	535	4095
538	344064	710.228	536	4095
539	344064	713.456	543	4095
540	344064	715.450	534	4095
541	344064	716.344	544	4095
542	344064	718.393	542	4095
543	344064	720.860	546	4095
544	344064	726.314	543	4095
545	344064	723.149	552	4095
546	344064	724.086	547	4095
547	344064	727.135	549	4095
548	344064	726.501	547	4095
549	344064	728.254	543	4095
550	344064	728.495	551	4095
551	344064	729.688	544	4095
552	344064	730.987	549	4095
553	344064	730.698	553	4095
554	344064	731.296	552	4095
555	344064	732.769	545	4095
556	344064	732.235	550	4095
557	344064	732.943	552	4095
558	344064	733.684	557	4095
559	344064	733.633	556	4095
560	344064	734.077	551	4095
561	344064	734.188	554	4095
562	344064	733.752	553	4095
563	344064	734.536	551	4095
564	344064	734.874	553	4095
565	344064	736.318	557	4095
566	344064	736.737	549	4095
567	344064	735.037	554	4095
568	344064	736.694	556	4095
569	344064	736.779	555	4095
570	344064	737.465	557	4095
571	344064	735.538	558	4095
572	344064	737.642	553	4095
573	344064	738.860	552	4095
574	344064	739.125	558	4095
575	344064	738.418	556	4095
576	344064	741.935	554	4095
577	344064	737.991	553	4095
578	344064	738.310	554	4095
579	344064	739.737	555	4095
580	344064	739.497	549	4095
581	344064	741.225	552	4095
582	344064	739.733	555	4095
583	344064	741.551	559	4095
584	344064	740.857	559	4095
585	344064	740.988	560	4095
586	344064	745.781	563	4095
587	344064	741.283	560	4095
588	344064	742.669	558	4095
589	344064	849.892	599	4095
590	344064	849.170	590	4095
591	344064	849.706	585	4095
592	344064	852.162	593	4095
593	344064	851.960	592	4095
594	344064	682.826	488	4095
595	344064	682.118	479	4095
596	344064	681.949	480	4095
597	344064	681.361	482	4095
598	344064	681.822	480	4095
599	344064	475.978	359	4095
600	344064	473.992	363	4095
601	344064	472.764	355	4095
602	344064	472.466	362	4095
603	344064	471.736	362	4095
604	344064	389.685	308	4095
605	344064	388.869	310	4095
606	344064	388.515	310	4095
607	344064	387.873	308	4095
608	344064	387.377	307	4095
609	344064	354.603	295	3940
610	344064	354.044	290	3806
611	344064	353.641	290	3728
612	344064	353.462	292	3707
613	344064	353.498	294	3632
614	344064	352.783	286	4029
615	344064	352.418	291	3895
616	344064	352.025	290	3959
617	344064	396.403	315	4095
618	344064	458.110	351	4095
619	344064	483.539	369	4095
620	344064	495.459	373	4095
621	344064	502.987	378	4095
622	344064	507.681	383	4095
623	344064	511.085	387	4095
624	344064	513.886	383	4095
625	344064	515.623	390	4095
626	344064	517.287	387	4095
627	344064	518.672	387	4095
628	344064	520.258	388	4095
629	344064	521.360	384	4095
630	344064	522.035	395	4095
631	344064	522.964	390	4095
632	344064	523.746	393	4095
633	344064	523.871	383	4095
634	344064	525.144	386	4095
635	344064	527.298	393	4095
636	344064	524.606	391	4095
637	344064	525.557	393	4095
638	344064	525.949	392	4095
639	344064	525.590	393	4095
640	344064	526.280	389	4095
641	344064	527.007	394	4095
642	344064	529.439	395	4095
643	344064	527.170	392	4095
644	344064	527.373	396	4095
645	344064	528.433	394	4095
646	344064	527.740	392	4095
647	344064	528.226	392	4095
648	344064	528.288	395	4095
649	344064	528.472	391	4095
650	344064	528.874	398	4095
651	344064	528.503	397	4095
652	344064	528.066	396	4095
653	344064	529.087	395	4095
654	344064	528.044	398	4095
655	344064	528.176	391	4095
656	344064	528.079	398	4095
657	344064	527.567	393	4095
658	344064	527.470	395	4095
659	344064	527.407	396	4095
660	344064	527.411	396	4095
661	344064	527.078	394	4095
662	344064	526.925	392	4095
663	344064	527.064	394	4095
664	344064	527.104	394	4095
665	344064	526.572	390	4095
666	344064	526.872	397	4095
667	344064	526.541	395	4095
668	344064	526.719	396	4095
669	344064	526.154	388	4095
670	344064	526.544	393	4095
671	344064	528.336	389	4095
672	344064	526.877	392	4095
673	344064	526.439	390	4095
674	344064	527.477	393	4095
675	344064	525.720	395	4095
676	344064	527.983	391	4095
677	344064	526.724	395	4095
678	344064	526.036	388	4095
679	344064	527.115	393	4095
680	344064	526.425	394	4095
681	344064	526.619	394	4095
682	344064	526.436	391	4095
683	344064	526.299	393	4095
684	344064	528.407	395	4095
685	344064	526.530	388	4095
686	344064	526.386	392	4095
687	344064	800.856	645	4095
688	344064	800.524	642	4095
689	344064	801.558	645	4095
690	344064	803.483	649	4095
691	344064	803.351	652	4095
692	344064	658.954	531	4095
693	344064	658.439	527	4095
694	344064	657.987	526	4095
695	344064	657.778	528	4095
696	344064	658.074	524	4095
697	344064	451.315	379	3993
698	344064	450.611	379	3949
699	344064	449.858	376	3975
700	344064	449.474	379	3975
701	344064	449.001	380	3911
702	344064	371.264	320	2766
703	344064	370.917	320	2739
704	344064	370.684	319	2738
705	344064	370.202	317	2717
706	344064	369.989	316	2667
707	344064	339.209	293	3379
708	344064	338.654	288	3164
709	344064	338.273	290	3173
710	344064	338.155	289	3486
711	344064	338.035	292	3154
712	344064	337.718	294	2900
713	344064	337.174	293	2998
714	344064	336.914	293	2991
715	344064	408.884	345	4095
716	344064	458.170	384	4095
717	344064	472.988	396	4095
718	344064	479.920	396	4095
719	344064	484.211	405	4095
720	344064	486.947	407	4095
721	344064	489.585	409	4095
722	344064	491.187	407	4095
723	344064	492.212	413	4095
724	344064	493.307	413	4095
725	344064	494.436	409	4095
726	344064	495.373	412	4095
727	344064	496.180	411	4095
728	344064	496.442	405	4095
729	344064	497.593	413	4095
730	344064	497.724	415	4095
731	344064	497.639	417	4095
732	344064	498.793	415	4095
733	344064	501.130	418	4095
734	344064	498.129	411	4095
735	344064	498.970	414	4095
736	344064	499.303	418	4095
737	344064	499.086	418	4095
738	344064	499.946	417	4095
739	344064	499.916	417	4095
740	344064	502.800	421	4095
741	344064	500.133	415	4095
742	344064	499.990	420	4095
743	344064	500.792	417	4095
744	344064	501.216	413	4095
745	344064	500.873	416	4095
746	344064	500.616	415	4095
747	344064	501.025	415	4095
748	344064	500.987	420	4095
749	344064	500.958	419	4095
750	344064	500.716	417	4095
751	344064	501.074	416	4095
752	344064	500.493	420	4095
753	344064	500.468	414	4095
754	344064	500.295	419	4095
755	344064	500.090	417	4095
756	344064	499.885	415	4095
757	344064	499.967	418	4095
758	344064	499.881	414	4095
759	344064	499.625	416	4095
760	344064	499.310	403	4095
761	344064	499.728	419	4095
762	344064	500.256	415	4095
763	344064	499.778	417	4095
764	344064	499.077	418	4095
765	344064	498.754	413	4095
766	344064	499.269	415	4095
767	344064	498.472	416	4095
768	344064	498.920	415	4095
769	344064	500.881	416	4095
770	344064	498.705	416	4095
771	344064	498.709	412	4095
772	344064	499.123	415	4095
773	344064	498.406	414	4095
774	344064	500.873	418	4095
775	344064	499.104	420	4095
776	344064	498.122	415	4095
777	344064	499.027	412	4095
778	344064	498.424	413	4095
779	344064	499.006	412	4095
780	344064	498.571	414	4095
781	344064	498.409	412	4095
782	344064	499.882	418	4095
783	344064	498.736	415	4095
784	344064	498.555	417	4095
785	344064	818.048	498	4095
786	344064	817.583	501	4095
787	344064	818.957	498	4095
788	344064	821.179	508	4095
789	344064	822.816	514	4095
790	344064	679.526	416	4095
791	344064	679.321	428	4095
792	344064	679.137	426	4095
793	344064	679.085	432	4095
794	344064	679.400	429	4095
795	344064	456.335	320	4095
796	344064	455.953	321	4095
797	344064	455.137	319	4095
798	344064	455.893	322	4095
799	344064	454.866	316	4095
800	344064	374.766	280	2905
801	344064	374.539	281	2881
802	344064	374.389	285	2844
803	344064	374.470	283	2836
804	344064	373.899	283	2855
805	344064	342.120	285	4091
806	344064	341.678	282	3992
807	344064	341.363	285	4095
808	344064	341.291	286	3901
809	344064	341.164	285	3949
810	344064	341.309	281	3429
811	344064	340.814	282	3502
812	344064	340.647	279	3422
813	344064	447.092	339	4095
814	344064	480.208	355	4095
815	344064	489.144	367	4095
816	344064	493.718	369	4095
817	344064	496.982	368	4095
818	344064	498.816	366	4095
819	344064	500.446	367	4095
820	344064	501.700	366	4095
821	344064	502.426	373	4095
822	344064	503.200	374	4095
823	344064	504.073	374	4095
824	344064	505.057	370	4095
825	344064	505.391	372	4095
826	344064	505.510	371	4095
827	344064	506.272	375	4095
828	344064	506.657	374	4095
829	344064	506.457	370	4095
830	344064	507.446	375	4095
831	344064	509.172	371	4095
832	344064	506.804	378	4095
833	344064	507.293	372	4095
834	344064	507.707	370	4095
835	344064	507.428	375	4095
836	344064	510.384	372	4095
837	344064	508.118	371	4095
838	344064	510.311	377	4095
839	344064	508.134	377	4095
840	344064	508.434	371	4095
841	344064	508.722	378	4095
842	344064	509.389	375	4095
843	344064	509.021	369	4095
844	344064	510.414	377	4095
845	344064	509.240	375	4095
846	344064	509.480	378	4095
847	344064	508.719	376	4095
848	344064	508.588	375	4095
849	344064	508.912	374	4095
850	344064	508.320	375	4095
851	344064	508.168	373	4095
852	344064	508.249	374	4095
853	344064	507.804	373	4095
854	344064	507.761	374	4095
855	344064	507.796	372	4095
856	344064	507.661	372	4095
857	344064	507.246	372	4095
858	344064	506.981	379	4095
859	344064	507.673	371	4095
860	344064	507.445	371	4095
861	344064	506.753	375	4095
862	344064	506.844	368	4095
863	344064	506.731	371	4095
864	344064	506.625	377	4095
865	344064	506.098	375	4095
866	344064	506.355	367	4095
867	344064	508.484	371	4095
868	344064	506.168	371	4095
869	344064	506.290	375	4095
870	344064	506.636	374	4095
871	344064	507.028	370	4095
872	344064	508.089	369	4095
873	344064	506.414	372	4095
874	344064	505.680	373	4095
875	344064	506.254	369	4095
876	344064	505.758	374	4095
877	344064	506.341	377	4095
878	344064	506.152	369	4095
879	344064	505.864	365	4095
880	344064	508.340	369	4095
881	344064	506.127	374	4095
882	344064	505.876	372	4095
883	344064	795.575	619	4095
884	344064	792.138	616	4095
885	344064	792.961	616	4095
886	344064	794.078	615	4095
887	344064	795.075	618	4095
888	344064	667.756	519	4095
889	344064	667.185	519	4095
890	344064	666.814	515	4095
891	344064	666.856	521	4095
892	344064	667.240	514	4095
893	344064	447.597	364	4095
894	344064	447.313	360	4095
895	344064	446.854	366	4095
896	344064	447.066	366	4095
897	344064	446.557	363	4095
898	344064	368.503	305	3856
899	344064	368.283	311	3900
900	344064	368.127	307	3834
901	344064	368.547	305	3854
902	344064	367.695	306	3840
903	344064	336.781	284	3206
904	344064	336.314	284	3127
905	344064	336.392	285	3151
906	344064	336.163	284	3117
907	344064	335.994	285	3039
908	344064	335.487	287	3017
909	344064	335.275	286	3027
910	344064	335.076	284	2996
911	344064	450.511	370	4095
912	344064	474.955	383	4095
913	344064	482.225	387	4095
914	344064	486.121	397	4095
915	344064	488.610	392	4095
916	344064	490.228	391	4095
917	344064	491.271	392	4095
918	344064	494.109	393	4095
919	344064	493.601	399	4095
920	344064	494.065	397	4095
921	344064	494.455	400	4095
922	344064	495.009	392	4095
923	344064	495.592	399	4095
924	344064	495.867	398	4095
925	344064	496.344	402	4095
926	344064	496.660	401	4095
927	344064	496.416	397	4095
928	344064	497.301	396	4095
929	344064	498.670	400	4095
930	344064	497.957	403	4095
931	344064	497.348	397	4095
932	344064	497.747	402	4095
933	344064	497.326	401	4095
934	344064	499.456	398	4095
935	344064	497.861	400	4095
936	344064	499.376	398	4095
937	344064	498.461	399	4095
938	344064	498.619	397	4095
939	344064	498.327	402	4095
940	344064	498.652	402	4095
941	344064	498.654	397	4095
942	344064	499.246	401	4095
943	344064	498.829	396	4095
944	344064	498.731	401	4095
945	344064	498.265	401	4095
946	344064	498.042	398	4095
947	344064	498.578	404	4095
948	344064	497.911	403	4095
949	344064	497.541	404	4095
950	344064	499.077	400	4095
951	344064	497.563	396	4095
952	344064	497.384	401	4095
953	344064	497.358	401	4095
954	344064	497.747	405	4095
955	344064	496.731	394	4095
956	344064	496.465	396	4095
957	344064	496.863	395	4095
958	344064	496.876	399	4095
959	344064	496.175	401	4095
960	344064	496.183	402	4095
961	344064	495.657	399	4095
962	344064	496.054	395	4095
963	344064	496.688	401	4095
964	344064	495.735	391	4095
965	344064	497.590	401	4095
966	344064	495.933	393	4095
967	344064	495.801	399	4095
968	344064	495.977	396	4095
969	344064	496.988	401	4095
970	344064	496.886	400	4095
971	344064	495.714	401	4095
972	344064	495.087	395	4095
973	344064	495.874	395	4095
974	344064	495.126	398	4095
975	344064	495.591	394	4095
976	344064	495.471	394	4095
977	344064	495.280	400	4095
978	344064	496.928	401	4095
979	344064	495.623	399	4095
980	344064	495.582	393	4095
981	344064	843.709	680	4095
982	344064	839.597	678	4095
983	344064	841.015	681	4095
984	344064	842.838	677	4095
985	344064	845.149	686	4095
986	344064	715.559	584	4095
987	344064	714.653	578	4095
988	344064	715.592	582	4095
989	344064	713.952	576	4095
990	344064	714.563	574	4095
991	344064	472.219	397	4095
992	344064	471.927	398	4095
993	344064	471.560	388	4095
994	344064	471.517	394	4095
995	344064	470.920	396	4095
996	344064	384.398	324	4087
997	344064	384.082	324	4095
998	344064	384.035	328	4095
999	344064	384.269	323	4095
1000	344064	383.519	326	4035
1001	344064	346.539	300	2794
1002	344064	346.068	300	2670
1003	344064	346.094	301	2620
1004	344064	345.845	301	2801
1005	344064	345.671	300	2229
1006	344064	344.853	298	3056
1007	344064	344.685	301	3025
1008	344064	344.663	299	2990
1009	344064	463.761	393	4095
1010	344064	494.136	415	4095
1011	344064	502.732	420	4095
1012	344064	507.641	432	4095
1013	344064	510.319	426	4095
1014	344064	512.242	429	4095
1015	344064	513.852	437	4095
1016	344064	516.960	433	4095
1017	344064	516.219	436	4095
1018	344064	516.702	437	4095
1019	344064	517.609	433	4095
1020	344064	518.441	437	4095
1021	344064	518.693	436	4095
1022	344064	519.064	437	4095
1023	344064	519.584	437	4095
1024	344064	520.208	438	4095
1025	344064	520.027	440	4095
1026	344064	520.961	442	4095
1027	344064	522.508	437	4095
1028	344064	521.168	443	4095
1029	344064	521.006	441	4095
1030	344064	521.122	435	4095
1031	344064	521.427	438	4095
1032	344064	522.579	439	4095
1033	344064	521.992	440	4095
1034	344064	522.545	441	4095
1035	344064	522.154	442	4095
1036	344064	523.583	442	4095
1037	344064	521.935	434	4095
1038	344064	522.493	442	4095
1039	344064	522.917	441	4095
1040	344064	522.749	439	4095
1041	344064	522.714	440	4095
1042	344064	522.835	444	4095
1043	344064	522.620	435	4095
1044	344064	522.393	441	4095
1045	344064	522.211	433	4095
1046	344064	521.982	442	4095
1047	344064	521.683	438	4095
1048	344064	522.898	432	4095
1049	344064	521.396	442	4095
1050	344064	521.431	440	4095
1051	344064	521.395	440	4095
1052	344064	522.610	442	4095
1053	344064	521.055	440	4095
1054	344064	520.565	436	4095
1055	344064	521.154	439	4095
1056	344064	520.896	440	4095
1057	344064	520.073	434	4095
1058	344064	520.012	442	4095
1059	344064	520.262	438	4095
1060	344064	519.936	435	4095
1061	344064	520.219	437	4095
1062	344064	519.806	437	4095
1063	344064	521.272	441	4095
1064	344064	520.018	438	4095
1065	344064	519.707	438	4095
1066	344064	519.783	434	4095
1067	344064	520.850	436	4095
1068	344064	520.404	436	4095
1069	344064	519.820	438	4095
1070	344064	519.244	438	4095
1071	344064	519.475	436	4095
1072	344064	519.471	439	4095
1073	344064	520.054	438	4095
1074	344064	520.318	434	4095
1075	344064	519.493	435	4095
1076	344064	520.628	442	4095
1077	344064	519.527	434	4095
1078	344064	519.537	431	4095
1079	344064	822.539	610	4095
1080	344064	818.678	616	4095
1081	344064	820.668	607	4095
1082	344064	820.479	617	4095
1083	344064	821.980	617	4095
1084	344064	681.444	516	4095
1085	344064	680.205	519	4095
1086	344064	680.733	520	4095
1087	344064	679.913	512	4095
1088	344064	679.869	517	4095
1089	344064	460.763	363	4095
1090	344064	460.714	364	4095
1091	344064	459.748	360	4095
1092	344064	459.614	365	4095
1093	344064	459.004	366	4095
1094	344064	377.814	306	4095
1095	344064	377.535	313	4095
1096	344064	377.198	310	4095
1097	344064	377.154	307	4095
1098	344064	376.583	310	4095
1099	344064	341.114	289	4095
1100	344064	340.955	290	4095
1101	344064	340.654	287	4095
1102	344064	340.468	290	4095
1103	344064	340.248	290	4040
1104	344064	338.965	287	4095
1105	344064	338.749	289	4095
1106	344064	338.598	284	4095
1107	344064	429.796	351	4095
1108	344064	470.188	382	4095
1109	344064	482.139	391	4095
1110	344064	488.306	392	4095
1111	344064	492.006	388	4095
1112	344064	494.572	396	4095
1113	344064	496.660	397	4095
1114	344064	498.620	399	4095
1115	344064	499.227	398	4095
1116	344064	500.212	402	4095
1117	344064	500.948	400	4095
1118	344064	502.129	403	4095
1119	344064	502.548	400	4095
1120	344064	502.907	403	4095
1121	344064	503.533	404	4095
1122	344064	503.985	405	4095
1123	344064	504.112	404	4095
1124	344064	505.138	406	4095
1125	344064	506.047	404	4095
1126	344064	505.225	407	4095
1127	344064	505.203	406	4095
1128	344064	507.434	404	4095
1129	344064	505.411	407	4095
1130	344064	507.028	405	4095
1131	344064	506.015	405	4095
1132	344064	506.982	406	4095
1133	344064	506.481	403	4095
1134	344064	507.947	407	4095
1135	344064	506.633	404	4095
1136	344064	507.193	406	4095
1137	344064	508.094	409	4095
1138	344064	507.259	408	4095
1139	344064	507.340	409	4095
1140	344064	507.513	409	4095
1141	344064	507.244	407	4095
1142	344064	506.906	400	4095
1143	344064	507.123	404	4095
1144	344064	506.470	401	4095
1145	344064	506.458	404	4095
1146	344064	507.240	407	4095
1147	344064	506.401	407	4095
1148	344064	506.955	396	4095
1149	344064	506.028	407	4095
1150	344064	507.607	409	4095
1151	344064	505.656	406	4095
1152	344064	505.324	408	4095
1153	344064	505.704	405	4095
1154	344064	505.404	400	4095
1155	344064	504.906	399	4095
1156	344064	504.939	394	4095
1157	344064	504.931	407	4095
1158	344064	504.656	405	4095
1159	344064	504.718	407	4095
1160	344064	504.979	403	4095
1161	344064	505.798	405	4095
1162	344064	505.915	406	4095
1163	344064	504.878	407	4095
1164	344064	504.897	406	4095
1165	344064	505.446	403	4095
1166	344064	505.141	406	4095
1167	344064	504.795	407	4095
1168	344064	504.230	403	4095
1169	344064	504.750	407	4095
1170	344064	504.212	405	4095
1171	344064	504.884	406	4095
1172	344064	504.705	402	4095
1173	344064	504.435	406	4095
1174	344064	505.126	402	4095
1175	344064	504.673	406	4095
1176	344064	504.451	407	4095
1177	344064	851.583	537	4095
1178	344064	849.496	542	4095
1179	344064	850.996	549	4095
1180	344064	852.608	549	4095
1181	344064	853.874	554	4095
1182	344064	701.792	470	4095
1183	344064	700.208	465	4095
1184	344064	701.682	468	4095
1185	344064	700.268	467	4095
1186	344064	700.397	466	4095
1187	344064	472.113	340	4095
1188	344064	472.820	340	4095
1189	344064	470.850	337	4095
1190	344064	470.868	339	4095
1191	344064	470.355	336	4095
1192	344064	385.835	297	4095
1193	344064	385.233	291	4095
1194	344064	385.512	291	4095
1195	344064	384.981	295	4095
1196	344064	385.241	294	4095
1197	344064	348.671	274	4095
1198	344064	348.314	275	4088
1199	344064	348.343	275	3923
1200	344064	347.757	273	3506
1201	344064	347.687	271	3205
1202	344064	346.800	275	4095
1203	344064	346.630	273	4095
1204	344064	346.317	273	4095
1205	344064	396.916	305	4095
1206	344064	414.826	309	4095
1207	344064	419.281	316	4095
1208	344064	421.876	316	4095
1209	344064	423.099	318	4095
1210	344064	424.001	317	4095
1211	344064	424.867	320	4095
1212	344064	425.651	316	4095
1213	344064	425.556	316	4095
1214	344064	425.890	320	4095
1215	344064	426.021	319	4095
1216	344064	426.733	317	4095
1217	344064	426.783	321	4095
1218	344064	426.860	320	4095
1219	344064	427.259	318	4095
1220	344064	427.220	320	4095
1221	344064	427.343	312	4095
1222	344064	427.777	318	4095
1223	344064	428.391	319	4095
1224	344064	427.531	316	4095
1225	344064	427.401	314	4095
1226	344064	429.778	319	4095
1227	344064	427.654	318	4095
1228	344064	428.088	318	4095
1229	344064	427.975	318	4095
1230	344064	428.196	320	4095
1231	344064	427.955	319	4095
1232	344064	428.797	317	4095
1233	344064	427.968	318	4095
1234	344064	428.150	319	4095
1235	344064	428.502	315	4095
1236	344064	428.160	319	4095
1237	344064	428.154	316	4095
1238	344064	428.502	317	4095
1239	344064	427.901	323	4095
1240	344064	427.633	318	4095
1241	344064	427.595	321	4095
1242	344064	428.046	320	4095
1243	344064	426.931	322	4095
1244	344064	427.396	315	4095
1245	344064	426.811	318	4095
1246	344064	426.754	314	4095
1247	344064	426.469	315	4095
1248	344064	427.705	317	4095
1249	344064	426.021	319	4095
1250	344064	425.792	318	4095
1251	344064	426.066	314	4095
1252	344064	425.757	315	4095
1253	344064	425.171	319	4095
1254	344064	425.244	316	4095
1255	344064	425.121	317	4095
1256	344064	425.013	315	4095
1257	344064	425.038	319	4095
1258	344064	424.882	318	4095
1259	344064	425.487	319	4095
1260	344064	426.473	309	4095
1261	344064	424.720	317	4095
1262	344064	424.779	317	4095
1263	344064	425.057	317	4095
1264	344064	424.992	314	4095
1265	344064	424.807	311	4095
1266	344064	424.180	318	4095
1267	344064	424.742	319	4095
1268	344064	424.372	318	4095
1269	344064	425.404	314	4095
1270	344064	424.255	318	4095
1271	344064	424.270	317	4095
1272	344064	424.752	317	4095
1273	344064	424.557	318	4095
1274	344064	424.483	313	4095
1275	344064	818.903	616	4095
1276	344064	817.202	612	4095
1277	344064	819.115	624	4095
1278	344064	820.188	621	4095
1279	344064	821.756	607	4095
1280	344064	685.874	510	4095
1281	344064	684.833	521	4095
1282	344064	685.657	523	4095
1283	344064	684.905	515	4095
1284	344064	684.774	522	4095
1285	344064	459.229	360	3465
1286	344064	459.684	369	3325
1287	344064	458.407	365	3437
1288	344064	458.411	363	3247
1289	344064	457.978	369	3354
1290	344064	377.286	310	2349
1291	344064	376.587	310	2252
1292	344064	376.560	309	2275
1293	344064	376.263	308	2326
1294	344064	376.463	307	2137
1295	344064	342.288	290	3255
1296	344064	342.159	284	3129
1297	344064	342.532	286	2976
1298	344064	341.624	287	2559
1299	344064	341.557	288	2458
1300	344064	340.944	284	3733
1301	344064	340.675	284	3036
1302	344064	340.487	283	3112
1303	344064	399.197	325	3576
1304	344064	409.548	332	2554
1305	344064	412.670	334	1971
1306	344064	414.260	329	2257
1307	344064	415.125	332	2376
1308	344064	415.888	327	1993
1309	344064	416.220	338	2110
1310	344064	416.924	334	2091
1311	344064	416.759	336	2232
1312	344064	417.052	340	2111
1313	344064	417.188	335	2186
1314	344064	417.882	333	2132
1315	344064	417.796	336	2405
1316	344064	417.782	337	2273
1317	344064	418.200	337	2008
1318	344064	418.371	337	2247
1319	344064	418.322	334	2237
1320	344064	418.751	337	2284
1321	344064	418.946	340	2250
1322	344064	418.350	339	2006
1323	344064	418.234	339	2199
1324	344064	420.097	338	2245
1325	344064	418.281	338	2118
1326	344064	418.662	340	2256
1327	344064	418.726	339	2315
1328	344064	419.048	338	2110
1329	344064	418.833	335	2375
1330	344064	419.093	336	2094
1331	344064	418.659	335	2356
1332	344064	418.624	332	2462
1333	344064	419.045	336	2344
1334	344064	418.703	340	2327
1335	344064	418.887	334	2276
1336	344064	419.314	339	2327
1337	344064	418.651	338	2314
1338	344064	418.139	333	2533
1339	344064	418.302	338	2378
1340	344064	419.660	327	2313
1341	344064	417.625	335	2447
1342	344064	418.003	339	2104
1343	344064	417.456	338	2443
1344	344064	417.572	336	2550
1345	344064	417.252	340	2242
1346	344064	418.295	336	2184
1347	344064	416.894	340	2300
1348	344064	416.590	331	2413
1349	344064	417.015	338	2497
1350	344064	416.452	334	2302
1351	344064	416.193	338	2381
1352	344064	416.015	330	2078
1353	344064	416.177	334	2277
1354	344064	416.031	337	2490
1355	344064	415.759	335	2375
1356	344064	415.634	334	2316
1357	344064	416.152	336	2538
1358	344064	417.490	339	2342
1359	344064	415.626	331	2120
1360	344064	415.671	336	2185
1361	344064	415.601	334	2371
1362	344064	415.563	335	2217
1363	344064	415.604	333	2297
1364	344064	414.952	332	2351
1365	344064	415.583	332	2535
1366	344064	415.217	333	2107
1367	344064	415.956	327	2247
1368	344064	415.108	336	2256
1369	344064	415.127	334	2206
1370	344064	415.564	338	2298
1371	344064	415.276	337	2391
1372	344064	415.032	334	2566
1373	344064	790.239	604	2330
1374	344064	789.797	601	2355
1375	344064	791.539	607	2415
1376	344064	793.012	596	2407
1377	344064	794.120	604	2523
1378	344064	665.209	520	2950
1379	344064	664.534	528	2948
1380	344064	665.041	517	2757
1381	344064	664.555	526	2993
1382	344064	664.599	520	2743
1383	344064	447.099	365	1520
1384	344064	447.487	367	1440
1385	344064	446.461	364	1531
1386	344064	446.518	366	1341
1387	344064	446.277	367	1393
1388	344064	368.949	311	963
1389	344064	368.273	308	914
1390	344064	368.230	314	976
1391	344064	368.381	311	981
1392	344064	368.167	310	920
1393	344064	336.830	283	1045
1394	344064	336.470	287	1188
1395	344064	337.072	286	1175
1396	344064	336.223	284	1089
1397	344064	336.102	287	1107
1398	344064	335.520	286	1295
1399	344064	335.433	286	1273
1400	344064	335.415	284	1281
1401	344064	395.659	328	1850
1402	344064	404.775	333	1735
1403	344064	406.464	336	1988
1404	344064	407.332	332	1721
1405	344064	407.934	339	1686
1406	344064	408.903	341	1918
1407	344064	409.053	338	1791
1408	344064	409.438	334	1966
1409	344064	409.387	340	1680
1410	344064	409.472	336	1736
1411	344064	409.642	337	1804
1412	344064	410.281	339	1987
1413	344064	410.210	338	1873
1414	344064	410.164	339	1829
1415	344064	410.627	340	1873
1416	344064	410.945	337	1934
1417	344064	410.935	339	1681
1418	344064	410.997	339	1951
1419	344064	411.233	339	1920
1420	344064	410.564	341	1933
1421	344064	410.709	341	2093
1422	344064	411.979	341	1859
1423	344064	410.602	337	2092
1424	344064	411.221	342	1918
1425	344064	411.362	339	1948
1426	344064	411.644	336	1950
1427	344064	411.337	338	1634
1428	344064	411.594	338	1671
1429	344064	411.334	342	1676
1430	344064	411.242	340	1815
1431	344064	411.824	340	1999
1432	344064	411.806	339	1779
1433	344064	411.636	341	1978
1434	344064	412.266	338	1907
1435	344064	411.344	337	1826
1436	344064	411.070	334	1678
1437	344064	411.139	338	2015
1438	344064	412.691	343	1625
1439	344064	410.594	339	1878
1440	344064	410.953	337	1936
1441	344064	410.487	339	1890
1442	344064	410.718	341	1929
1443	344064	411.032	338	2102
1444	344064	411.241	341	2139
1445	344064	410.405	333	2037
1446	344064	410.829	336	1997
1447	344064	410.382	340	1954
1448	344064	410.284	336	1992
1449	344064	409.974	340	2166
1450	344064	409.994	339	2205
1451	344064	409.987	337	1893
1452	344064	410.228	337	2085
1453	344064	410.084	339	1978
1454	344064	410.059	335	2161
1455	344064	410.525	340	1822
1456	344064	411.897	336	2034
1457	344064	410.557	335	2211
1458	344064	409.879	332	2153
1459	344064	409.965	336	2084
1460	344064	410.013	338	1936
1461	344064	410.107	339	2172
1462	344064	409.843	337	1979
1463	344064	409.128	339	1731
1464	344064	410.526	335	2039
1465	344064	411.426	336	2021
1466	344064	411.107	336	2156
1467	344064	411.522	338	2213
1468	344064	411.932	340	2182
1469	344064	412.058	335	1947
1470	344064	411.730	340	1837
1471	344064	837.566	660	2654
1472	344064	837.850	658	2607
1473	344064	838.802	660	2573
1474	344064	839.273	659	2496
1475	344064	840.031	661	2483
1476	344064	691.374	554	1974
1477	344064	690.927	549	1944
1478	344064	691.534	555	1968
1479	344064	690.688	554	1926
1480	344064	692.141	540	1937
1481	344064	464.139	388	1104
1482	344064	464.276	388	1121
1483	344064	463.534	383	1120
1484	344064	464.506	388	1124
1485	344064	463.256	386	1089
1486	344064	381.125	325	818
1487	344064	380.329	323	799
1488	344064	380.560	323	796
1489	344064	380.490	324	795
1490	344064	380.216	327	801
1491	344064	347.615	295	909
1492	344064	347.168	293	911
1493	344064	347.657	294	899
1494	344064	346.809	296	900
1495	344064	346.842	293	876
1496	344064	346.468	296	898
1497	344064	346.289	296	907
1498	344064	346.246	293	891
1499	344064	408.224	344	1233
1500	344064	418.943	342	1323
1501	344064	422.291	351	1332
1502	344064	422.928	351	1354
1503	344064	423.876	345	1319
1504	344064	424.656	354	1301
1505	344064	425.066	354	1341
1506	344064	425.393	353	1429
1507	344064	425.582	357	1414
1508	344064	425.750	350	1388
1509	344064	426.008	351	1400
1510	344064	426.574	354	1378
1511	344064	426.399	357	1440
1512	344064	426.330	345	1443
1513	344064	426.799	345	1404
1514	344064	427.084	360	1420
1515	344064	426.848	350	1422
1516	344064	427.273	359	1417
1517	344064	427.504	352	1420
1518	344064	426.941	352	1344
1519	344064	426.844	351	1393
1520	344064	428.068	354	1480
1521	344064	426.885	356	1323
1522	344064	427.273	356	1388
1523	344064	427.344	354	1433
1524	344064	427.685	352	1446
1525	344064	427.277	355	1406
1526	344064	427.590	351	1422
1527	344064	427.176	353	1397
1528	344064	427.551	349	1314
1529	344064	427.851	357	1372
1530	344064	427.564	357	1401
1531	344064	427.215	360	1434
1532	344064	427.905	359	1437
1533	344064	427.177	352	1463
1534	344064	426.814	356	1397
1535	344064	426.899	352	1453
1536	344064	428.353	357	1403
1537	344064	426.396	355	1381
1538	344064	426.681	345	1492
1539	344064	426.103	358	1312
1540	344064	425.998	355	1386
1541	344064	426.768	347	1357
1542	344064	426.386	357	1366
1543	344064	425.355	356	1406
1544	344064	425.537	356	1465
1545	344064	425.385	352	1463
1546	344064	425.049	357	1311
1547	344064	424.621	355	1316
1548	344064	424.733	350	1348
1549	344064	424.562	351	1422
1550	344064	424.749	346	1365
1551	344064	424.335	354	1299
1552	344064	424.256	355	1322
1553	344064	424.628	355	1392
1554	344064	425.595	356	1374
1555	344064	424.342	351	1293
1556	344064	423.991	349	1305
1557	344064	424.072	343	1387
1558	344064	424.219	353	1366
1559	344064	424.165	353	1359
1560	344064	423.483	352	1300
1561	344064	424.262	353	1398
1562	344064	424.169	354	1387
1563	344064	424.237	358	1425
1564	344064	424.435	354	1343
1565	344064	424.254	356	1359
1566	344064	423.790	352	1305
1567	344064	423.878	347	1380
1568	344064	423.673	355	1386
1569	344064	810.345	653	4095
1570	344064	811.476	650	4095
1571	344064	811.805	641	4095
1572	344064	812.794	661	4095
1573	344064	813.177	644	4095
1574	344064	662.805	541	3952
1575	344064	662.419	546	4095
1576	344064	663.420	550	4095
1577	344064	662.152	546	4095
1578	344064	663.517	549	4095
1579	344064	453.762	383	2383
1580	344064	453.658	384	2155
1581	344064	452.637	380	2190
1582	344064	453.457	387	2155
1583	344064	452.873	381	2229
1584	344064	373.799	323	1421
1585	344064	373.215	318	1526
1586	344064	373.069	322	1628
1587	344064	372.960	322	1679
1588	344064	372.626	320	1651
1589	344064	341.577	301	1602
1590	344064	341.269	299	1529
1591	344064	341.478	299	1526
1592	344064	340.684	297	1366
1593	344064	340.566	299	1525
1594	344064	340.264	300	1255
1595	344064	339.918	299	1305
1596	344064	339.749	301	1398
1597	344064	387.559	337	1703
1598	344064	404.768	346	2022
1599	344064	409.546	355	1874
1600	344064	411.464	356	2028
1601	344064	412.667	352	2009
1602	344064	413.942	358	1945
1603	344064	414.355	355	2139
1604	344064	414.782	357	2032
1605	344064	415.654	358	2016
1606	344064	415.426	353	1877
1607	344064	415.694	360	2117
1608	344064	416.318	356	1816
1609	344064	416.350	359	1946
1610	344064	416.185	360	2042
1611	344064	416.784	360	2058
1612	344064	416.783	359	1968
1613	344064	416.875	361	1927
1614	344064	417.200	361	1904
1615	344064	417.066	360	1984
1616	344064	416.791	356	2130
1617	344064	416.837	360	2168
1618	344064	417.557	356	1863
1619	344064	418.899	359	2114
1620	344064	417.280	360	1886
1621	344064	417.404	361	1814
1622	344064	417.650	360	1913
1623	344064	417.323	355	1902
1624	344064	417.388	356	1833
1625	344064	417.268	361	1864
1626	344064	417.506	360	2127
1627	344064	417.726	361	2076
1628	344064	417.628	359	1799
1629	344064	417.237	353	1830
1630	344064	417.751	362	1997
1631	344064	417.332	360	1935
1632	344064	417.111	361	2020
1633	344064	417.037	359	1758
1634	344064	417.812	361	1983
1635	344064	416.433	358	2015
1636	344064	416.566	355	1811
1637	344064	416.273	357	2026
1638	344064	416.093	361	2084
1639	344064	416.324	360	1945
1640	344064	416.303	362	2009
1641	344064	415.447	357	2017
1642	344064	415.384	356	1962
1643	344064	415.419	358	1824
1644	344064	415.113	359	2251
1645	344064	414.970	357	2258
1646	344064	414.761	357	2123
1647	344064	414.734	359	2019
1648	344064	414.839	358	2110
1649	344064	414.680	358	2173
1650	344064	414.796	354	2155
1651	344064	414.459	357	1855
1652	344064	415.348	358	1808
1653	344064	414.970	360	2022
1654	344064	414.270	360	2044
1655	344064	414.095	355	1856
1656	344064	414.114	355	1707
1657	344064	414.066	357	1906
1658	344064	414.346	357	1910
1659	344064	414.092	356	1808
1660	344064	414.414	356	2116
1661	344064	414.468	351	1856
1662	344064	414.521	359	1972
1663	344064	415.047	356	1916
1664	344064	413.938	352	1881
1665	344064	413.920	357	2019
1666	344064	413.892	356	1809
1667	344064	817.205	606	4095
1668	344064	821.250	604	4095
1669	344064	820.894	599	4095
1670	344064	821.686	600	4095
1671	344064	822.021	599	4095
1672	344064	633.523	486	4095
1673	344064	635.293	488	4095
1674	344064	634.260	489	4095
1675	344064	638.179	490	4095
1676	344064	637.110	490	4095
1677	344064	453.528	369	4095
1678	344064	453.361	365	4095
1679	344064	452.421	368	4095
1680	344064	452.900	366	4095
1681	344064	453.565	368	4095
1682	344064	376.925	317	2992
1683	344064	376.562	312	2956
1684	344064	375.892	313	2822
1685	344064	375.498	313	2736
1686	344064	375.343	312	2806
1687	344064	344.775	277	3005
1688	344064	344.148	276	2694
1689	344064	344.296	276	2637
1690	344064	343.564	275	2344
1691	344064	343.433	277	2587
1692	344064	342.846	282	1470
1693	344064	342.549	283	1303
1694	344064	342.352	277	1522
1695	344064	376.007	306	2064
1696	344064	398.792	322	2379
1697	344064	407.004	319	2372
1698	344064	410.771	325	2290
1699	344064	412.546	326	1933
1700	344064	415.044	327	2058
1701	344064	415.173	329	2108
1702	344064	416.267	330	1900
1703	344064	416.624	327	1878
1704	344064	416.706	324	1981
1705	344064	417.040	328	1769
1706	344064	417.810	327	1826
1707	344064	417.852	327	1949
1708	344064	417.932	331	1886
1709	344064	418.425	325	1851
1710	344064	418.651	330	1943
1711	344064	418.587	327	1907
1712	344064	418.871	331	1909
1713	344064	419.021	328	1929
1714	344064	418.680	324	1939
1715	344064	418.640	333	2007
1716	344064	419.400	335	1944
1717	344064	421.305	330	1819
1718	344064	419.042	327	1959
1719	344064	419.449	330	1947
1720	344064	419.442	326	1965
1721	344064	419.316	337	1841
1722	344064	419.399	330	1828
1723	344064	419.143	339	1942
1724	344064	419.537	335	1840
1725	344064	419.706	328	1850
1726	344064	419.603	338	1813
1727	344064	419.364	340	1979
1728	344064	419.837	331	1956
1729	344064	419.185	334	1947
1730	344064	419.177	332	1984
1731	344064	418.799	333	1863
1732	344064	419.403	336	1958
1733	344064	418.498	336	1965
1734	344064	418.706	335	1857
1735	344064	418.200	331	1840
1736	344064	417.936	330	1892
1737	344064	418.250	326	1878
1738	344064	418.027	330	1976
1739	344064	417.603	328	1933
1740	344064	417.455	333	1843
1741	344064	417.468	320	1953
1742	344064	417.138	320	1874
1743	344064	416.795	327	1826
1744	344064	416.584	325	2047
1745	344064	416.602	331	1914
1746	344064	416.469	323	1854
1747	344064	416.509	332	1892
1748	344064	417.526	333	1960
1749	344064	416.692	329	1865
1750	344064	416.935	336	1942
1751	344064	416.502	339	1834
1752	344064	416.182	338	1879
1753	344064	416.381	331	1950
1754	344064	417.318	340	1843
1755	344064	416.251	337	1918
1756	344064	416.148	328	1885
1757	344064	416.444	331	1871
1758	344064	416.120	327	1921
1759	344064	416.335	342	1975
1760	344064	416.387	342	1862
1761	344064	416.251	337	1875
1762	344064	415.944	337	1795
1763	344064	416.258	333	1830
1764	344064	415.661	333	1916
1765	344064	846.099	605	4095
1766	344064	852.123	607	4095
1767	344064	850.141	602	4095
1768	344064	851.757	609	4095
1769	344064	851.292	604	4095
1770	344064	601.734	486	4095
1771	344064	603.472	499	4095
1772	344064	604.302	500	4095
1773	344064	607.979	489	4095
1774	344064	608.446	497	3851
1775	344064	455.486	378	2804
1776	344064	455.440	377	2895
1777	344064	454.599	379	2748
1778	344064	455.059	374	2558
1779	344064	455.368	381	2624
1780	344064	382.809	328	1718
1781	344064	382.459	321	1817
1782	344064	381.558	324	1709
1783	344064	381.372	324	1840
1784	344064	381.126	323	2034
1785	344064	350.831	300	2575
1786	344064	350.283	304	2430
1787	344064	350.478	302	2263
1788	344064	350.321	301	2364
1789	344064	350.167	300	2001
1790	344064	349.661	301	2001
1791	344064	348.892	295	1672
1792	344064	348.844	302	1600
1793	344064	348.435	303	1810
1794	344064	348.473	299	1763
1795	344064	348.474	297	1731
1796	344064	348.643	300	1604
1797	344064	348.437	301	1474
1798	344064	348.889	303	1635
1799	344064	348.279	302	1643
1800	344064	348.772	298	1648
1801	344064	348.133	300	1404
1802	344064	348.068	301	1487
1803	344064	347.957	299	1581
1804	344064	348.113	297	1527
1805	344064	347.921	299	1364
1806	344064	347.887	301	1365
1807	344064	347.955	301	1509
1808	344064	347.842	303	1330
1809	344064	347.832	303	1428
1810	344064	347.896	299	1284
1811	344064	348.074	303	1381
1812	344064	347.599	299	1335
1813	344064	347.428	297	1338
1814	344064	347.558	299	1527
1815	344064	348.578	301	1500
1816	344064	347.422	299	1454
1817	344064	347.613	304	1457
1818	344064	347.464	300	1429
1819	344064	347.273	301	1302
1820	344064	347.447	301	1262
1821	344064	347.286	297	1368
1822	344064	347.412	300	1304
1823	344064	347.341	297	1316
1824	344064	347.349	298	1304
1825	344064	347.111	301	1454
1826	344064	347.211	300	1393
1827	344064	346.735	301	1319
1828	344064	346.587	299	1368
1829	344064	346.476	300	1386
1830	344064	346.556	295	1498
1831	344064	346.028	299	1461
1832	344064	346.090	300	1336
1833	344064	345.842	297	1384
1834	344064	345.513	300	1352
1835	344064	345.702	298	1486
1836	344064	345.584	300	1483
1837	344064	344.986	297	1491
1838	344064	345.088	300	1399
1839	344064	344.986	297	1412
1840	344064	344.868	293	1467
1841	344064	344.403	297	1487
1842	344064	344.439	298	1449
1843	344064	344.161	296	1337
1844	344064	344.114	299	1348
1845	344064	343.956	300	1379
1846	344064	344.410	298	1315
1847	344064	344.064	296	1397
1848	344064	344.357	292	1456
1849	344064	343.752	296	1449
1850	344064	343.743	297	1493
1851	344064	343.708	296	1361
1852	344064	343.867	298	1354
1853	344064	343.779	297	1438
1854	344064	343.628	298	1288
1855	344064	343.800	300	1494
1856	344064	343.556	301	1523
1857	344064	343.643	295	1398
1858	344064	343.593	296	1447
1859	344064	343.481	297	1299
1860	344064	343.302	297	1335
1861	344064	343.499	297	1272
1862	344064	343.288	300	1282
1863	344064	834.372	582	4095
1864	344064	838.639	605	4095
1865	344064	836.325	562	4095
1866	344064	838.029	580	4095
1867	344064	837.728	583	4095
1868	344064	678.106	496	4095
1869	344064	678.150	486	4095
1870	344064	678.003	501	4095
1871	344064	680.226	502	4095
1872	344064	680.464	475	4095
1873	344064	462.523	365	4095
1874	344064	461.533	357	4095
1875	344064	461.061	350	4095
1876	344064	461.279	348	4095
1877	344064	461.572	344	4095
1878	344064	379.435	303	3104
1879	344064	379.008	310	3044
1880	344064	378.691	309	2892
1881	344064	378.358	308	2734
1882	344064	378.181	304	2755
1883	344064	346.390	300	2848
1884	344064	345.909	302	2617
1885	344064	346.056	300	2298
1886	344064	345.983	297	2169
1887	344064	346.425	303	2366
1888	344064	344.944	298	2427
1889	344064	344.674	295	2209
1890	344064	344.527	287	2211
1891	344064	344.087	294	2273
1892	344064	344.042	287	2070
1893	344064	344.204	281	2187
1894	344064	344.264	287	1918
1895	344064	344.255	297	1929
1896	344064	344.541	293	1985
1897	344064	344.218	297	1935
1898	344064	344.312	293	2071
1899	344064	343.693	295	1850
1900	344064	343.968	294	1653
1901	344064	344.123	292	1814
1902	344064	344.189	296	1875
1903	344064	344.209	287	1808
1904	344064	343.993	298	1803
1905	344064	344.073	291	1726
1906	344064	344.115	301	1602
1907	344064	344.081	285	1813
1908	344064	344.021	288	1541
1909	344064	344.101	293	1718
1910	344064	343.823	290	1628
1911	344064	343.810	287	1500
1912	344064	344.004	287	1819
1913	344064	344.540	289	1796
1914	344064	343.848	295	1780
1915	344064	343.838	293	1710
1916	344064	343.904	292	1641
1917	344064	343.966	285	1627
1918	344064	343.666	297	1664
1919	344064	343.504	288	1660
1920	344064	343.989	298	1680
1921	344064	343.583	294	1562
1922	344064	343.604	297	1560
1923	344064	343.574	290	1687
1924	344064	343.611	292	1645
1925	344064	343.190	292	1648
1926	344064	343.070	293	1557
1927	344064	342.983	300	1726
1928	344064	343.018	295	1720
1929	344064	342.668	287	1784
1930	344064	343.061	296	1623
1931	344064	342.256	291	1749
1932	344064	342.154	286	1810
1933	344064	342.174	285	1813
1934	344064	341.956	285	1617
1935	344064	341.640	295	1699
1936	344064	341.681	284	1807
1937	344064	341.585	288	1781
1938	344064	341.443	295	1697
1939	344064	340.996	284	1750
1940	344064	341.672	283	1684
1941	344064	341.043	294	1734
1942	344064	340.712	288	1741
1943	344064	340.813	292	1681
1944	344064	340.938	289	1615
1945	344064	340.781	296	1699
1946	344064	340.973	291	1729
1947	344064	340.644	289	1617
1948	344064	340.413	273	1658
1949	344064	340.585	285	1790
1950	344064	340.458	287	1593
1951	344064	340.343	289	1713
1952	344064	340.102	284	1767
1953	344064	340.380	287	1650
1954	344064	340.373	284	1685
1955	344064	340.122	282	1622
1956	344064	340.187	290	1517
1957	344064	340.001	291	1559
1958	344064	340.031	283	1586
1959	344064	340.035	281	1623
1960	344064	339.881	289	1696
1961	344064	816.173	656	4095
1962	344064	819.638	661	4095
1963	344064	819.879	657	4095
1964	344064	820.833	661	4095
1965	344064	821.192	662	4095
1966	344064	674.664	553	4095
1967	344064	674.703	557	4095
1968	344064	674.961	555	4095
1969	344064	676.766	557	4095
1970	344064	676.955	560	4095
1971	344064	454.968	380	3951
1972	344064	454.248	380	4095
1973	344064	454.935	380	3779
1974	344064	453.725	380	3926
1975	344064	453.894	373	3915
1976	344064	373.718	319	2869
1977	344064	373.194	318	2763
1978	344064	373.611	316	2827
1979	344064	372.877	319	2810
1980	344064	372.742	318	2556
1981	344064	341.546	291	2654
1982	344064	341.209	292	2743
1983	344064	341.270	291	2500
1984	344064	341.464	293	2268
1985	344064	342.310	293	1942
1986	344064	340.038	292	3288
1987	344064	339.879	289	3156
1988	344064	339.874	291	3255
1989	344064	339.549	290	3147
1990	344064	339.598	291	3080
1991	344064	339.538	292	3043
1992	344064	339.719	292	2971
1993	344064	339.793	291	2597
1994	344064	339.793	293	2664
1995	344064	339.757	293	2635
1996	344064	339.794	286	2815
1997	344064	339.383	290	3004
1998	344064	339.602	292	2717
1999	344064	339.588	290	2859
2000	344064	339.918	292	2766
2001	344064	340.278	291	3023
2002	344064	339.611	292	2966
2003	344064	339.984	292	2743
2004	344064	339.873	288	2768
2005	344064	340.016	290	2787
2006	344064	339.885	291	2688
2007	344064	339.827	289	2942
2008	344064	339.455	292	2915
2009	344064	339.598	286	2690
2010	344064	339.672	291	2899
2011	344064	340.148	288	2876
2012	344064	339.541	291	2737
2013	344064	339.807	292	2781
2014	344064	339.687	293	2507
2015	344064	339.555	292	2687
2016	344064	339.508	289	2582
2017	344064	339.370	287	2404
2018	344064	339.613	291	2441
2019	344064	339.426	289	2477
2020	344064	339.497	293	2477
2021	344064	339.445	291	2732
2022	344064	339.372	292	2420
2023	344064	339.126	293	2413
2024	344064	339.039	288	2520
2025	344064	338.793	288	2617
2026	344064	338.735	289	2391
2027	344064	338.491	292	2717
2028	344064	339.141	292	2575
2029	344064	338.391	291	3046
2030	344064	338.100	291	2855
2031	344064	338.060	291	2948
2032	344064	337.982	290	2988
2033	344064	337.729	290	3033
2034	344064	337.635	288	2730
2035	344064	337.563	290	2851
2036	344064	337.382	287	2866
2037	344064	337.105	291	3096
2038	344064	337.393	291	2938
2039	344064	337.127	286	3090
2040	344064	336.857	288	2707
2041	344064	336.573	289	2961
2042	344064	337.048	287	2891
2043	344064	336.905	288	2892
2044	344064	336.989	291	2849
2045	344064	336.737	289	2712
2046	344064	336.562	289	2720
2047	344064	336.589	287	2687
2048	344064	336.479	288	2813
2049	344064	336.606	288	2955
2050	344064	336.293	286	2721
2051	344064	336.611	287	2992
2052	344064	336.515	287	2939
2053	344064	336.551	288	2854
2054	344064	336.317	287	2758
2055	344064	336.364	288	2681
2056	344064	336.095	288	2667
2057	344064	336.239	290	2549
2058	344064	335.973	283	2950
2059	344064	830.901	557	2800
2060	344064	832.858	558	2749
2061	344064	832.692	562	2711
2062	344064	834.367	563	2709
2063	344064	834.866	563	2764
2064	344064	694.348	453	3164
2065	344064	694.435	450	3183
2066	344064	694.339	449	3164
2067	344064	695.688	456	3156
2068	344064	695.884	447	3156
2069	344064	466.262	334	1635
2070	344064	465.215	334	1711
2071	344064	465.792	333	1693
2072	344064	464.706	339	1679
2073	344064	464.872	330	1630
2074	344064	380.938	290	1180
2075	344064	380.447	292	1108
2076	344064	380.963	293	1140
2077	344064	380.003	288	1154
2078	344064	379.957	290	1162
2079	344064	345.320	272	1514
2080	344064	345.083	269	1571
2081	344064	345.561	271	1593
2082	344064	345.374	274	1530
2083	344064	347.746	286	620
2084	344064	344.233	274	2060
2085	344064	344.425	271	1847
2086	344064	344.048	273	1928
2087	344064	343.710	272	1849
2088	344064	343.805	272	1893
2089	344064	343.781	272	1928
2090	344064	343.908	273	1869
2091	344064	343.836	267	1825
2092	344064	343.916	271	1904
2093	344064	343.942	270	1946
2094	344064	343.906	272	2007
2095	344064	343.586	268	1954
2096	344064	343.633	267	1911
2097	344064	343.833	273	1991
2098	344064	344.076	276	2014
2099	344064	344.037	273	1997
2100	344064	343.792	273	1979
2101	344064	344.137	270	2035
2102	344064	343.931	272	1873
2103	344064	344.242	270	2076
2104	344064	344.029	272	2050
2105	344064	344.040	271	2007
2106	344064	343.602	268	2022
2107	344064	343.721	269	1921
2108	344064	343.816	271	1926
2109	344064	344.049	271	1938
2110	344064	343.695	272	2037
2111	344064	343.996	272	2002
2112	344064	343.755	273	1943
2113	344064	343.869	272	1847
2114	344064	343.601	271	1888
2115	344064	343.656	272	1984
2116	344064	343.737	271	2023
2117	344064	343.625	274	1996
2118	344064	343.786	273	1882
2119	344064	343.657	272	1765
2120	344064	343.664	270	1909
2121	344064	343.410	272	1952
2122	344064	343.247	272	1996
2123	344064	344.010	273	1913
2124	344064	342.834	272	1861
2125	344064	342.871	270	1770
2126	344064	343.055	273	1808
2127	344064	342.396	270	1894
2128	344064	342.315	272	1957
2129	344064	342.225	268	1886
2130	344064	342.034	271	1867
2131	344064	341.731	272	1969
2132	344064	341.680	272	1700
2133	344064	342.015	263	1822
2134	344064	341.367	272	1774
2135	344064	341.024	269	1953
2136	344064	341.651	265	1919
2137	344064	341.115	267	2000
2138	344064	340.949	267	1947
2139	344064	341.320	269	2074
2140	344064	341.075	266	2082
2141	344064	340.953	268	2040
2142	344064	341.095	269	1725
2143	344064	340.716	265	1907
2144	344064	340.643	273	1913
2145	344064	340.612	270	2022
2146	344064	340.477	270	2027
2147	344064	340.621	265	1998
2148	344064	341.060	271	1873
2149	344064	340.574	272	2005
2150	344064	340.419	267	2052
2151	344064	340.707	268	1903
2152	344064	340.473	267	1971
2153	344064	340.479	269	1955
2154	344064	340.275	269	1838
2155	344064	340.384	266	1966
2156	344064	340.351	271	1965
2157	344064	812.424	663	2835
2158	344064	814.084	664	2839
2159	344064	814.213	671	2774
2160	344064	815.119	658	2804
2161	344064	815.321	672	2802
2162	344064	671.497	565	3268
2163	344064	671.452	560	3278
2164	344064	671.031	564	3384
2165	344064	672.500	568	3208
2166	344064	672.893	564	3269
2167	344064	456.021	390	1823
2168	344064	454.619	388	1824
2169	344064	454.746	392	1679
2170	344064	454.104	386	1756
2171	344064	455.669	389	1810
2172	344064	374.364	323	1190
2173	344064	373.772	320	1276
2174	344064	374.176	322	1270
2175	344064	373.383	320	1297
2176	344064	373.122	325	1272
2177	344064	339.317	293	1791
2178	344064	339.054	289	1849
2179	344064	339.386	294	1806
2180	344064	339.269	295	1698
2181	344064	342.629	300	479
2182	344064	338.402	289	2494
2183	344064	338.664	289	2385
2184	344064	338.152	288	2407
2185	344064	337.888	279	2365
2186	344064	338.003	287	2398
2187	344064	337.767	285	2390
2188	344064	337.993	288	2156
2189	344064	338.086	289	2102
2190	344064	338.115	285	2170
2191	344064	338.039	286	2401
2192	344064	337.926	288	2453
2193	344064	337.678	288	2503
2194	344064	338.177	289	2308
2195	344064	337.883	291	2454
2196	344064	338.163	288	2356
2197	344064	337.975	286	2445
2198	344064	337.958	289	2488
2199	344064	338.095	288	2449
2200	344064	337.925	284	2314
2201	344064	338.253	284	2479
2202	344064	338.179	290	2361
2203	344064	338.407	285	2462
2204	344064	337.759	286	2393
2205	344064	338.048	289	2294
2206	344064	337.883	285	2322
2207	344064	337.935	286	2233
2208	344064	337.904	285	2300
2209	344064	337.952	291	2277
2210	344064	337.755	287	2372
2211	344064	337.801	286	2322
2212	344064	337.686	294	2392
2213	344064	337.680	285	2481
2214	344064	337.868	285	2406
2215	344064	337.671	278	2321
2216	344064	337.763	292	2284
2217	344064	337.631	285	2130
2218	344064	337.637	287	2304
2219	344064	337.503	287	2477
2220	344064	337.222	292	2286
2221	344064	337.344	289	2270
2222	344064	336.821	282	2343
2223	344064	336.706	292	2110
2224	344064	337.181	290	2146
2225	344064	336.431	287	2209
2226	344064	336.295	291	2192
2227	344064	336.385	287	2276
2228	344064	336.022	284	2108
2229	344064	335.912	282	2211
2230	344064	335.684	289	1970
2231	344064	335.928	289	2247
2232	344064	335.555	284	2046
2233	344064	335.239	286	2388
2234	344064	335.485	285	2304
2235	344064	335.192	292	2455
2236	344064	334.888	277	2256
2237	344064	335.171	288	2436
2238	344064	335.000	284	2479
2239	344064	334.994	288	2366
2240	344064	335.086	288	2078
2241	344064	334.811	290	2096
2242	344064	334.712	290	2334
2243	344064	334.671	290	2391
2244	344064	334.545	287	2368
2245	344064	334.652	290	2474
2246	344064	334.702	278	2384
2247	344064	334.513	285	2270
2248	344064	334.646	284	2339
2249	344064	334.657	283	2265
2250	344064	334.661	284	2228
2251	344064	334.367	284	2295
2252	344064	334.251	287	2199
2253	344064	334.644	291	2280
2254	344064	334.233	289	2414
2255	344064	785.766	648	1603
2256	344064	787.700	644	1558
2257	344064	787.783	648	1574
2258	344064	789.065	651	1565
2259	344064	788.866	648	1587
2260	344064	645.751	552	1716
2261	344064	645.664	548	1702
2262	344064	645.735	542	1763
2263	344064	646.682	543	1738
2264	344064	646.409	549	1796
2265	344064	448.916	389	1024
2266	344064	447.601	385	1077
2267	344064	447.493	388	1019
2268	344064	446.971	384	1048
2269	344064	448.440	386	1055
2270	344064	371.299	323	775
2271	344064	370.695	322	738
2272	344064	370.886	323	756
2273	344064	370.064	324	745
2274	344064	369.916	322	785
2275	344064	338.827	292	905
2276	344064	338.552	294	820
2277	344064	338.626	297	793
2278	344064	338.430	294	710
2279	344064	341.946	303	410
2280	344064	337.349	286	1082
2281	344064	337.585	281	1113
2282	344064	337.048	278	960
2283	344064	336.936	284	1021
2284	344064	336.820	282	997
2285	344064	337.278	282	1012
2286	344064	337.060	279	1034
2287	344064	337.228	278	1033
2288	344064	336.988	278	1055
2289	344064	336.803	278	1005
2290	344064	336.947	280	1023
2291	344064	336.692	280	967
2292	344064	336.745	285	1088
2293	344064	336.788	281	999
2294	344064	337.095	282	1014
2295	344064	336.926	289	963
2296	344064	336.766	286	1015
2297	344064	336.911	286	996
2298	344064	336.761	282	1102
2299	344064	336.962	280	908
2300	344064	337.192	284	950
2301	344064	337.003	285	1012
2302	344064	336.644	286	908
2303	344064	336.918	275	1035
2304	344064	336.672	285	1102
2305	344064	336.667	288	1056
2306	344064	336.583	285	1051
2307	344064	336.717	283	939
2308	344064	336.539	281	1022
2309	344064	336.606	274	1004
2310	344064	336.769	276	977
2311	344064	336.500	285	1035
2312	344064	336.649	282	1048
2313	344064	336.348	281	935
2314	344064	336.418	282	1111
2315	344064	336.379	278	1129
2316	344064	336.399	281	1064
2317	344064	336.200	276	1069
2318	344064	335.932	283	966
2319	344064	336.017	270	1052
2320	344064	335.531	279	1017
2321	344064	335.438	273	1039
2322	344064	335.662	274	1056
2323	344064	335.360	279	1013
2324	344064	335.370	283	1013
2325	344064	334.950	276	968
2326	344064	334.734	284	1069
2327	344064	334.615	280	1048
2328	344064	334.358	281	1030
2329	344064	334.592	282	987
2330	344064	334.071	273	1032
2331	344064	333.918	285	1027
2332	344064	334.115	272	1087
2333	344064	334.013	280	989
2334	344064	333.469	280	1090
2335	344064	333.547	282	926
2336	344064	333.543	284	932
2337	344064	333.682	282	950
2338	344064	333.622	279	1010
2339	344064	333.621	281	1050
2340	344064	333.733	274	1094
2341	344064	333.448	277	1037
2342	344064	333.226	283	1070
2343	344064	333.288	281	965
2344	344064	333.129	276	1114
2345	344064	333.296	273	981
2346	344064	333.072	277	985
2347	344064	333.308	276	1120
2348	344064	333.100	281	1106
2349	344064	333.082	279	1104
2350	344064	333.051	277	1018
2351	344064	333.112	273	1128
2352	344064	332.855	275	944
